WEST BAFFIN BAY; TON/KM2/YR
 30 29.
KILLER WHALE
POLAR BEAR
NARWHAL
BOWHEAD WHALE
RINGED SEAL
OTHER SEALS
WALRUS
SEABIRDS
GREENLAND SHARK
GREENLAND HALIBUT
ARCTIC CHAR
ARCTIC/POLAR COD
SMALL PELAGIC FISH
SCULPINS/EELPOUTS
SMALL DEMERSAL FISH
LARGE DEMERSAL FISH
LARGE CRUSTACEANS
CEPHALOPODS
CARNIVOROUS ZOO
OMNIVOROUS ZOO
CALANUS ZOO
MICROZOOPLANKTON
MARINE WORMS
ECHINODERMATA
BIVALVES
OTHER BENTHOS
BACTERIA
ICE ALGAE
PHYTOPLANKTON
 DETRITUS
  1 0.0001
  2 0.0013
  3 0.047
  4 0.046
  5 0.107
  6 0.061
  7 0.0024
  8 0.001
  9 0.1002
 10 0.9339
 11 0.0949
 12 5.74
 13 1.233
 14 2.1535
 15 2.7842
 16 3.453
 17 3.1638
 18 0.3579
 19 7.8
 20 12.1
 21 24.3
 22 1.1
 23 18.1
 24 10.3
 25 8.5794
 26 13.4
 27 1.29
 28 3.79
 29 5.71
 30 58.92
 -1 0.
  1 0.000296986
  2 0.003314295
  3 0.2764156
  4 0.200387
  6 0.4207126
  8 0.05146512
 28 681.37
 29 953.89
 -1 0.
  2 0.0001
  3 0.0014
  4 0.000057
  5 0.0086
  6 0.0009
  7 0.000025
  8 0.000023
  9 0.0018
 10 0.1081
 11 0.005
 15 0.000019
 16 0.00097
 24 0.000035
 26 0.000024
 -1 0.
  1 0.000726
  2 0.00605
  3 0.743
  4 0.523
  5 1.296
  6 1.927
  7 0.0582
  8 0.203
  9 0.0276
 10 1.242
 11 0.157
 12 11.19
 13 4.007
 14 4.225
 15 5.496
 16 3.895
 17 12.47
 18 0.569
 19 58.66
 20 69.7
 21 64.64
 22 25.15
 23 25.34
 24 7.931
 25 27.69
 26 67
 27 175.9
 28 105.21
 29 147.29
 -1 0.
  3 1 0.000296075
  4 1 0.000138472
  5 1 9.11E-05
  6 1 6.1037E-05
  7 1 6.377E-06
  9 1 9.109999E-06
 16 1 9.109999E-06
 18 1 2.733E-06
  3 2 5.848191E-05
  5 2 0.002777891
  6 2 0.001473886
  7 2 5.848191E-05
  8 2 5.848191E-05
 11 2 5.848191E-05
 10 3 0.1749701
 12 3 0.4137534
 15 3 0.007338656
 17 3 0.007338656
 18 3 0.0507835
 19 4 0.3117422
 20 4 0.09682207
 21 4 0.04562879
 12 5 0.738027
 14 5 0.164006
 17 5 0.0984036
 19 5 0.5969818
 20 5 0.04182153
 10 6 0.1328642
 11 6 0.01207786
 12 6 0.954151
 13 6 0.2173953
 14 6 0.1363689
 15 6 0.1300824
 17 6 0.02901466
 18 6 0.07125736
 19 6 0.1449302
 20 6 0.06770089
 23 6 0.04879739
 25 6 0.05024682
 20 7 0.0001024
 23 7 0.0007094858
 24 7 0.003313372
 25 7 0.06883475
 12 8 0.0255672
 13 8 0.03749856
 14 8 0.009132961
 15 8 0.006716161
 17 8 0.03816
 18 8 0.005088
 19 8 0.03365712
 20 8 0.04202688
 21 8 0.005088
  5 9 0.0002850041
  6 9 0.002007071
  9 9 0.0004576122
 10 9 0.001340724
 14 9 0.0001364808
 15 9 0.001609671
 16 9 0.009296753
 17 9 0.0004014142
 18 9 0.01813991
 24 9 0.001601643
 26 9 0.0008028285
 30 9 0.004018157
 10 10 0.0429594
 12 10 0.5208827
 14 10 0.1073985
 15 10 0.5262526
 16 10 0.3812647
 17 10 0.1615273
 18 10 0.2953459
 19 10 0.04575176
 20 10 0.02309068
 21 10 0.0005369925
 23 10 0.0429594
 12 11 0.007630527
 14 11 0.00719861
 15 11 0.00719861
 19 11 0.08102036
 20 11 0.1081111
 21 11 0.004799073
 23 11 0.002399537
 19 12 2.257255
 20 12 8.609282
 21 12 7.788462
 19 13 1.980941
 20 13 1.145503
 21 13 2.853562
 12 14 0.4865067
 14 14 0.01245856
 15 14 0.2416961
 17 14 0.4765399
 18 14 0.1632071
 19 14 2.128856
 20 14 1.166433
 21 14 0.02055662
 23 14 0.8970162
 24 14 0.1868784
 25 14 0.311464
 26 14 0.1320607
 15 15 0.05315779
 17 15 0.1028298
 19 15 3.969405
 20 15 2.209098
 21 15 0.3424756
 23 15 1.239186
 24 15 0.1089299
 25 15 0.1159014
 26 15 0.573407
 12 16 0.1341124
 13 16 0.1126764
 14 16 0.03242881
 15 16 0.1808319
 16 16 0.05458485
 17 16 1.170735
 18 16 0.1396088
 19 16 0.7260758
 20 16 0.4699431
 21 16 0.3369299
 23 16 0.4235784
 24 16 0.7837881
 25 16 0.1582966
 26 16 0.7321219
 19 17 2.372823
 20 17 2.372823
 21 17 0.949129
 23 17 1.898258
 24 17 0.949129
 26 17 0.949129
 29 17 0.949129
 30 17 8.542161
 12 18 0.2469165
 13 18 0.3703747
 14 18 0.2469165
 15 18 0.2469165
 17 18 0.493833
 18 18 0.1234582
 19 18 0.2469165
 20 18 0.2469165
 21 18 0.2469165
 20 19 41.10046
 21 19 86.88116
 22 19 10.07838
 22 20 5.058768
 27 20 0.899877
 28 20 160.4943
 29 20 36.96792
 30 20 39.78916
 22 21 5.20506
 28 21 73.63629
 29 21 157.3459
 30 21 69.99274
 27 22 1.508265
 29 22 44.22416
 30 22 45.67758
 19 23 2.172
 20 23 2.896
 21 23 0.724
 22 23 2.172
 23 23 0.724
 24 23 0.724
 26 23 7.24
 28 23 8.688
 29 23 2.896
 30 23 44.164
 19 24 1.0197
 20 24 0.7931001
 21 24 0.2266
 22 24 0.6798
 23 24 2.266
 24 24 0.2266
 25 24 2.266
 26 24 3.399
 28 24 1.8128
 29 24 0.6798
 30 24 9.290601
 19 25 2.715379
 20 25 1.629227
 22 25 2.715379
 28 25 6.51691
 29 25 2.715379
 30 25 38.01531
 19 26 1.675
 20 26 1.675
 22 26 1.675
 23 26 1.675
 24 26 1.675
 25 26 1.675
 26 26 1.675
 28 26 36.85
 29 26 8.375
 30 26 110.55
 30 27 321.984
  1 30 0.0001852
  2 30 0.00165439
  3 30 0.1865514
  4 30 0.1313365
  5 30 0.3316594
  6 30 0.4842505
  7 30 0.01470554
  8 30 0.05103344
  9 30 0.01027493
 10 30 0.4456301
 11 30 0.04457347
 12 30 3.934452
 13 30 1.234841
 14 30 1.282421
 15 30 1.816658
 16 30 1.114623
 17 30 3.932241
 18 30 1.033292
 19 30 56.92557
 20 30 108.8205
 21 30 141.1161
 22 30 38.67962
 23 30 37.84209
 24 30 10.06973
 25 30 21.96755
 26 30 85.79845
 27 30 142.5195
 28 30 144.0617
 29 30 276.2487
 -1 -1 0.





